0.052583 
0.085309 
0.073317 
-0.002556 
-0.058346 
0.025413 
0.031820 
-0.005095 
-0.000640 
0.073572 
0.128999 
0.089313 
-0.008907 
-0.069100 
0.010429 
0.040075 
0.020338 
0.022802 
0.070946 
0.145163 
0.166811 
0.063041 
0.018592 
0.003995 
-0.001311 
0.007366 
-0.006145 
0.117567 
0.187668 
0.132728 
-0.030655 
-0.069730 
-0.069342 
-0.033778 
-0.022559 
0.009300 
0.087529 
0.158250 
0.115671 
0.047069 
-0.039536 
0.038923 
0.033719 
0.041826 
0.027545 
0.103472 
0.185499 
0.161742 
0.073035 
0.006985 
0.036326 
0.072742 
0.074459 
0.056123 
0.093446 
0.164167 
0.095484 
-0.021711 
-0.085921 
-0.054822 
-0.024824 
-0.011886 
0.012775 
0.013105 
0.076825 
0.050087 
0.001974 
-0.037572 
-0.031072 
0.007893 
0.009978 
-0.000108 
0.127381 
0.192321 
0.182017 
0.141361 
0.009041 
0.049869 
0.101946 
0.111911 
0.094872 
0.095122 
0.115387 
0.081168 
0.070733 
-0.011963 
0.010339 
0.063545 
0.090614 
0.102423 
0.035972 
0.067972 
0.056489 
0.059165 
-0.013856 
0.027625 
0.051694 
0.071156 
0.057727 
0.019612 
0.007317 
-0.016931 
-0.009661 
-0.030618 
-0.014727 
0.004313 
0.024434 
0.033428 
0.137311 
0.119469 
0.076339 
0.075640 
0.014029 
0.040711 
0.078751 
0.094511 
0.158439 
0.177117 
0.133600 
0.065949 
0.048709 
-0.031853 
-0.005279 
0.075952 
0.119446 
0.172372 
0.028340 
0.012510 
0.003582 
0.042233 
0.014480 
0.021584 
0.025687 
0.022962 
0.032618 
0.030252 
0.017846 
0.001656 
0.069621 
-0.006101 
-0.020168 
-0.022076 
-0.009458 
0.039671 
0.230926 
0.143786 
0.064008 
0.051517 
0.009784 
0.021757 
0.077412 
0.129698 
0.229155 
0.092260 
0.064353 
-0.004244 
-0.051829 
-0.016974 
0.053588 
0.028412 
0.084420 
0.083185 
0.094754 
0.059527 
0.035119 
0.079758 
0.025226 
0.034125 
-0.023387 
0.005104 
0.072788 
0.006885 
-0.007394 
-0.041591 
-0.008219 
0.057277 
0.019615 
-0.082529 
-0.027370 
-0.012886 
0.026296 
0.094804 
0.124636 
0.170358 
0.134600 
0.022782 
-0.020809 
-0.012892 
-0.020446 
0.040077 
0.101813 
0.085654 
0.021264 
-0.012636 
-0.088902 
-0.067325 
-0.064545 
-0.053751 
-0.009681 
-0.012545 
-0.021735 
0.149273 
0.133426 
0.082069 
-0.008502 
0.009013 
0.003139 
-0.071912 
-0.062046 
-0.080028 
-0.007922 
0.023318 
-0.074403 
-0.063399 
-0.052127 
-0.063977 
0.031567 
0.093985 
0.064248 
0.053226 
0.045717 
-0.014214 
-0.027328 
-0.022275 
-0.018783 
-0.014593 
0.033161 
0.014237 
0.046007 
0.111393 
0.028129 
0.002981 
0.008705 
-0.009776 
-0.068506 
-0.053498 
-0.070300 
0.032874 
0.061304 
-0.019731 
-0.040044 
-0.027991 
-0.054416 
-0.062321 
-0.034358 
-0.033005 
0.049854 
0.078968 
-0.001077 
-0.056557 
-0.035626 
-0.070336 
0.000895 
0.028812 
0.031576 
0.052926 
0.094390 
0.061679 
0.025036 
0.031720 
0.009930 
0.001170 
0.009764 
0.010245 
0.028287 
0.087705 
0.044260 
-0.000790 
0.009966 
0.006072 
-0.005566 
0.000275 
0.012516 
0.057896 
0.080125 
0.045453 
-0.003529 
-0.008733 
-0.032021 
-0.004062 
0.004956 
0.010922 
0.023902 
0.065467 
0.047876 
-0.006750 
-0.014905 
-0.021036 
-0.004372 
0.004593 
0.009294 
0.057549 
0.109112 
0.025402 
-0.005752 
0.012303 
0.010200 
-0.033719 
0.005782 
0.003515 
0.074806 
0.102300 
-0.008632 
-0.028258 
0.003440 
-0.013217 
0.007132 
0.003007 
0.000134 
0.061004 
0.086770 
0.051537 
0.010058 
0.011994 
0.003976 
-0.022604 
-0.002055 
-0.002655 
0.075589 
0.050075 
0.026389 
-0.019051 
-0.002509 
-0.023389 
-0.012325 
0.017238 
0.025304 
0.100647 
0.170534 
0.027415 
-0.058746 
-0.020492 
-0.020561 
-0.052161 
-0.049681 
-0.063118 
-0.002926 
0.182204 
0.036663 
-0.121934 
-0.057709 
-0.060007 
-0.035322 
-0.013370 
-0.017987 
0.105839 
0.130789 
0.087836 
-0.043174 
-0.029328 
-0.044977 
-0.085262 
-0.076659 
-0.093396 
0.025725 
0.125007 
0.008678 
-0.136493 
-0.077643 
-0.101160 
-0.008437 
-0.021071 
-0.039105 
0.104411 
0.169119 
0.112434 
-0.019954 
0.007941 
-0.008426 
-0.073237 
-0.077166 
-0.107007 
-0.051173 
0.062854 
-0.041424 
-0.086988 
-0.054758 
-0.055618 
0.005641 
0.001140 
-0.036697 
0.108504 
0.158699 
0.206329 
-0.055068 
-0.012442 
0.008337 
-0.053436 
-0.059869 
-0.088839 
-0.047190 
0.060086 
0.041712 
-0.128864 
-0.074796 
-0.056193 
-0.026389 
-0.033745 
-0.057445 
0.015237 
0.097825 
0.005525 
-0.052525 
-0.012233 
-0.014303 
-0.029003 
-0.029306 
-0.046664 
0.023571 
0.090952 
-0.002231 
-0.054346 
-0.029027 
-0.045093 
-0.018653 
-0.025434 
-0.042127 
0.024515 
0.110371 
0.037874 
-0.076398 
-0.022960 
-0.026414 
-0.029290 
-0.031449 
-0.064808 
0.023561 
0.093050 
0.042646 
-0.058404 
-0.047780 
-0.030431 
-0.008502 
-0.003951 
-0.003796 
0.040165 
0.111645 
0.042894 
-0.001985 
-0.010715 
-0.028383 
-0.032147 
-0.018876 
-0.002956 
0.016812 
0.092266 
0.057092 
0.002805 
-0.007972 
-0.030868 
-0.013319 
-0.013037 
-0.028936 
0.034175 
0.089769 
0.072447 
-0.012362 
-0.018789 
-0.017788 
-0.037465 
-0.027142 
-0.038523 
0.016144 
0.092896 
0.059798 
-0.019020 
-0.017217 
-0.037007 
-0.018990 
-0.024537 
-0.019403 
0.037378 
0.125276 
0.048754 
0.013304 
0.000168 
-0.027551 
-0.054329 
-0.036649 
-0.031769 
0.014942 
0.086308 
0.022291 
-0.018132 
-0.023594 
-0.074040 
-0.030324 
-0.032000 
-0.038149 
0.062811 
0.117186 
0.053297 
-0.026573 
-0.026210 
-0.040777 
-0.069734 
-0.064903 
-0.054668 
0.049570 
0.094794 
0.033496 
-0.049200 
-0.041589 
-0.081284 
-0.064114 
-0.049651 
-0.044231 
0.062391 
0.168400 
0.077074 
-0.024705 
-0.032606 
-0.074991 
-0.099732 
-0.077695 
-0.100541 
-0.009098 
0.179886 
-0.009818 
-0.102788 
-0.071626 
-0.104699 
-0.075726 
-0.071363 
-0.058239 
0.079380 
0.161888 
0.077187 
-0.041655 
-0.047290 
-0.075162 
-0.116956 
-0.091793 
-0.118340 
0.026364 
0.167724 
-0.024111 
-0.106567 
-0.075886 
-0.121756 
-0.005461 
-0.006947 
-0.049432 
0.052339 
0.155777 
0.203242 
-0.066233 
-0.032538 
-0.005868 
-0.071494 
-0.060543 
-0.090344 
-0.066195 
0.037744 
0.041570 
-0.126026 
-0.089815 
-0.070778 
-0.006389 
-0.011346 
-0.014501 
0.060962 
0.147476 
0.252117 
0.080857 
0.068838 
0.040458 
-0.075470 
-0.071856 
-0.096092 
-0.069585 
0.060276 
0.098069 
0.026524 
0.022063 
-0.013299 
-0.058647 
-0.037797 
-0.051720 
0.014841 
0.093658 
0.052736 
-0.083486 
-0.061227 
-0.061875 
-0.052428 
-0.035184 
-0.059800 
0.006948 
0.075736 
0.039997 
-0.060162 
-0.064751 
-0.038345 
-0.028679 
-0.033480 
-0.043849 
0.022184 
0.104476 
0.106670 
0.021478 
0.019594 
0.004421 
0.019765 
0.017228 
0.008006 
0.074429 
0.099659 
0.097769 
-0.023787 
-0.021087 
0.009576 
-0.004068 
0.015619 
-0.002479 
0.047363 
0.082924 
0.048558 
-0.020636 
-0.025434 
0.006242 
-0.011176 
0.000308 
-0.002116 
0.032387 
0.068470 
0.004637 
-0.035270 
-0.033850 
-0.019393 
0.058648 
0.069553 
0.055991 
0.116624 
0.084698 
0.090464 
0.000636 
0.003692 
0.038050 
0.034096 
0.041969 
0.036694 
0.071086 
0.072059 
0.007045 
-0.027954 
-0.032660 
-0.004550 
-0.008743 
-0.004857 
-0.009382 
0.082591 
0.104893 
0.047313 
-0.029282 
-0.012730 
-0.003132 
-0.022940 
-0.030222 
-0.036118 
0.059319 
0.076394 
0.027751 
-0.045414 
-0.021807 
-0.024391 
-0.000580 
0.008856 
0.013645 
0.095784 
0.117413 
0.037372 
-0.026228 
-0.007828 
-0.002077 
-0.016605 
-0.020398 
-0.050672 
0.096088 
0.086869 
0.045276 
-0.024304 
-0.015643 
-0.022297 
-0.015089 
-0.032208 
-0.049288 
0.087287 
0.131720 
0.061362 
-0.019976 
-0.017918 
-0.019612 
-0.077307 
-0.073554 
-0.123390 
0.037811 
0.141317 
-0.013935 
-0.067256 
-0.037688 
-0.075684 
0.002591 
-0.031261 
-0.088537 
0.127764 
0.151109 
0.118800 
0.006303 
-0.014936 
0.012388 
-0.043573 
-0.082572 
-0.109074 
0.104042 
0.158408 
0.036563 
-0.067964 
-0.048105 
-0.040450 
-0.001535 
-0.003732 
0.014448 
0.002944 
0.010457 
0.126479 
0.121483 
0.138800 
0.083800 
0.029976 
-0.021083 
-0.032087 
-0.078270 
-0.081916 
0.035668 
0.106210 
0.172748 
0.144685 
0.002343 
0.012922 
0.026332 
0.013364 
-0.071992 
0.038360 
0.079270 
0.109211 
0.030963 
0.081189 
0.051203 
0.042482 
0.013282 
-0.076715 
0.027206 
0.117993 
0.181988 
0.127179 
0.020841 
-0.000092 
-0.023393 
-0.060196 
-0.096578 
-0.023121 
0.042631 
0.083138 
0.092582 
0.015360 
0.013006 
0.006967 
-0.013282 
-0.042175 
-0.020079 
-0.004900 
0.011880 
0.017351 
0.078937 
0.082279 
0.070365 
0.030163 
-0.051667 
0.047941 
0.151937 
0.216666 
0.152517 
0.109459 
0.107323 
0.097055 
0.038017 
-0.021555 
0.048138 
0.164540 
0.201010 
0.154675 
0.042194 
0.041255 
0.057193 
0.064239 
0.002893 
0.046399 
0.019245 
0.020260 
0.009634 
-0.005805 
0.021419 
0.008097 
-0.005622 
-0.050232 
-0.065432 
-0.048869 
-0.049351 
-0.037869 
0.111960 
0.136575 
0.147256 
0.116278 
0.045201 
0.118709 
0.199754 
0.191527 
0.127013 
0.119222 
0.143526 
0.128740 
0.050967 
-0.007645 
0.013059 
0.086179 
0.116665 
0.101210 
0.029112 
0.044125 
0.028415 
0.045461 
-0.014405 
-0.042300 
-0.021783 
-0.007955 
0.005843 
0.026264 
-0.013013 
-0.039533 
0.018778 
-0.034551 
-0.044884 
-0.038539 
-0.014263 
0.012634 
0.230164 
0.197854 
0.133307 
0.064184 
0.001986 
0.010146 
0.096388 
0.167920 
0.199904 
0.222656 
0.155890 
0.062082 
0.021578 
-0.045446 
-0.040317 
0.081918 
0.159379 
0.219597 
0.047186 
-0.008982 
-0.059938 
0.073379 
0.007598 
0.021934 
0.015966 
0.022652 
0.069993 
-0.013916 
-0.038923 
-0.069679 
0.104518 
0.043238 
-0.054669 
-0.052685 
-0.019556 
-0.002082 
0.266601 
0.130327 
0.039905 
0.094636 
-0.004232 
0.011950 
0.094877 
0.168205 
0.272005 
0.098020 
0.078555 
0.035718 
0.147157 
-0.017059 
-0.081651 
-0.015842 
0.050140 
0.081317 
-4.544071